P valeurs anderson darling. Threshr vs methode poids constant

Threshr)
-GPD : 
[1] 0.110787933 0.079893163 0.124421567 0.498514279 0.669566068 0.014592421
 [7] 0.002547695 0.004387089 0.614321661 0.389934074 0.165895920 0.218396889
[13] 0.416744547 0.792703178 0.259529262 0.312077273 0.164952959 0.665621904
[19] 0.406315488 0.050588537 0.840478885 0.832566401 0.698307191 0.915778452
[25] 0.882564609 0.632100900 0.922371356 0.774905909 0.200800734 0.691100613
[31] 0.055158292 0.070391541 0.176390883 0.147965824 0.311522449 0.479080102
[37] 0.049458119

Craft)

-GPD : 
[1] 0.52694927 0.63348625 0.48443358 0.61921730 0.62376412 0.61348654 0.43983151
[8] 0.35244949 0.32359903 0.30224950 0.36462907 0.34629553 0.39612101 0.54012661
[15] 0.44727489 0.66847702 0.76556483 0.67297662 0.51135604 0.67158632 0.78861211
[22] 0.78024340 0.74231493 0.41147719 0.26613531 0.27667756 0.22421365 0.29305585
[29] 0.26487609 0.24098857 0.14474767 0.14548742 0.04851295 0.06277837 0.04521993
[36] 0.04611568 0.09522518

-Threshr-moyenne:
 [1] 0.20636624 0.06627786 0.10042857 0.11581052 0.41546354 0.84719031 0.66269937
 [8] 0.69216105 0.60597126 0.23022464 0.46771514 0.74909109 0.88898267 0.95839077
[15] 0.92345023 0.92154625 0.89869573 0.77900554 0.90977631 0.93070407 0.90641386
[22] 0.86760471 0.81391086 0.87530758 0.86549300 0.86050235 0.79286584 0.71132835
[29] 0.55488092 0.60695235 0.63895039 0.79353103 0.75639778 0.42426276 0.50152137
[36] 0.31895673 0.35819016
Quelques ratés au départ mais vraiment meilleur en moyenne. 